# # Data simulated with Soft Potato 2.0, for more information visit https://oliverrdz.xyz/soft-potato
# # t/s, E/V, i/A
0.000000000000000000e+00,-5.000000000000000000e-01,0.000000000000000000e+00
1.005025125628140614e+00,-4.898989898989898895e-01,1.042871115192928961e-08
2.010050251256281229e+00,-4.797979797979797789e-01,6.437863686789083421e-09
3.015075376884421843e+00,-4.696969696969697239e-01,1.260782179102506942e-08
4.020100502512562457e+00,-4.595959595959596133e-01,1.181243315110793904e-08
5.025125628140703071e+00,-4.494949494949495028e-01,1.716154235887119173e-08
6.030150753768843686e+00,-4.393939393939393923e-01,1.873315793879298279e-08
7.035175879396984300e+00,-4.292929292929292817e-01,2.452499358472994895e-08
8.040201005025124914e+00,-4.191919191919191712e-01,2.849295648044084802e-08
9.045226130653265528e+00,-4.090909090909090606e-01,3.577696425762268047e-08
1.005025125628140614e+01,-3.989898989898990056e-01,4.267599310803410145e-08
1.105527638190954676e+01,-3.888888888888888951e-01,5.265150342118136026e-08
1.206030150753768737e+01,-3.787878787878787845e-01,6.352123450497836382e-08
1.306532663316582799e+01,-3.686868686868686740e-01,7.777575278585810504e-08
1.407035175879396860e+01,-3.585858585858585634e-01,9.429487266512863535e-08
1.507537688442210921e+01,-3.484848484848485084e-01,1.150682504918508984e-07
1.608040201005024983e+01,-3.383838383838383423e-01,1.398034486065400525e-07
1.708542713567839044e+01,-3.282828282828282873e-01,1.703408842173694918e-07
1.809045226130653106e+01,-3.181818181818181768e-01,2.071367252688560318e-07
1.909547738693467167e+01,-3.080808080808080662e-01,2.521891227795568486e-07
2.010050251256281229e+01,-2.979797979797979557e-01,3.067514163633760941e-07
2.110552763819095290e+01,-2.878787878787878451e-01,3.732964318503261168e-07
2.211055276381909351e+01,-2.777777777777777901e-01,4.540482816383432236e-07
2.311557788944723413e+01,-2.676767676767676241e-01,5.523298940165994197e-07
2.412060301507537474e+01,-2.575757575757575690e-01,6.716503301139390488e-07
2.512562814070351536e+01,-2.474747474747474585e-01,8.166653836899987039e-07
2.613065326633165597e+01,-2.373737373737373479e-01,9.926531813558473652e-07
2.713567839195979658e+01,-2.272727272727272374e-01,1.206242840740968923e-06
2.814070351758793720e+01,-2.171717171717171269e-01,1.465171694096466876e-06
2.914572864321607781e+01,-2.070707070707070718e-01,1.778884835703988108e-06
3.015075376884421843e+01,-1.969696969696969613e-01,2.158500465804409883e-06
3.115577889447235904e+01,-1.868686868686868507e-01,2.617338328826502172e-06
3.216080402010049966e+01,-1.767676767676767402e-01,3.171024413082624831e-06
3.316582914572863672e+01,-1.666666666666666297e-01,3.837950966399567189e-06
3.417085427135678088e+01,-1.565656565656565191e-01,4.639416951482602289e-06
3.517587939698492505e+01,-1.464646464646464086e-01,5.599932084925770881e-06
3.618090452261306211e+01,-1.363636363636363535e-01,6.747193027696123623e-06
3.718592964824119917e+01,-1.262626262626262430e-01,8.111988374288087736e-06
3.819095477386934334e+01,-1.161616161616161325e-01,9.727628636897704949e-06
3.919597989949748751e+01,-1.060606060606060219e-01,1.162897257732830225e-05
4.020100502512562457e+01,-9.595959595959591137e-02,1.385067847723626795e-05
4.120603015075376163e+01,-8.585858585858580083e-02,1.642462775723856349e-05
4.221105527638190580e+01,-7.575757575757574580e-02,1.937622125667397830e-05
4.321608040201004997e+01,-6.565656565656563526e-02,2.271954972465998549e-05
4.422110552763818703e+01,-5.555555555555552472e-02,2.645144911777046445e-05
4.522613065326632409e+01,-4.545454545454541417e-02,3.054489688703223026e-05
4.623115577889446826e+01,-3.535353535353530363e-02,3.494253075408886391e-05
4.723618090452261242e+01,-2.525252525252519309e-02,3.955166844872931250e-05
4.824120603015074948e+01,-1.515151515151513806e-02,4.424258177207585443e-05
4.924623115577888655e+01,-5.050505050505027516e-03,4.885196965093415518e-05
5.025125628140703071e+01,5.050505050505083027e-03,5.319307866412355875e-05
5.125628140703517488e+01,1.515151515151524908e-02,5.707270403722565217e-05
5.226130653266331194e+01,2.525252525252530411e-02,6.031332674261555206e-05
5.326633165829144900e+01,3.535353535353535914e-02,6.277652914383098908e-05
5.427135678391959317e+01,4.545454545454552520e-02,6.438241312791232677e-05
5.527638190954773734e+01,5.555555555555558023e-02,6.511997241211950642e-05
5.628140703517587440e+01,6.565656565656574628e-02,6.504551427834108870e-05
5.728643216080401146e+01,7.575757575757580131e-02,6.426966186556124980e-05
5.829145728643215563e+01,8.585858585858585634e-02,6.293676019955941143e-05
5.929648241206029979e+01,9.595959595959602240e-02,6.120226231332270275e-05
6.030150753768843686e+01,1.060606060606060774e-01,5.921328719569817585e-05
6.130653266331657392e+01,1.161616161616162435e-01,5.709552737383331866e-05
6.231155778894471808e+01,1.262626262626262985e-01,5.494718592171976600e-05
6.331658291457286225e+01,1.363636363636364646e-01,5.283870320161101352e-05
6.432160804020099931e+01,1.464646464646465196e-01,5.081616457882185301e-05
6.532663316582913637e+01,1.565656565656565746e-01,4.890633944679780064e-05
6.633165829145727344e+01,1.666666666666667407e-01,4.712186511316334884e-05
6.733668341708542471e+01,1.767676767676767957e-01,4.546575020003042618e-05
6.834170854271356177e+01,1.868686868686869618e-01,4.393489445677507528e-05
6.934673366834169883e+01,1.969696969696970168e-01,4.252263956781531765e-05
7.035175879396985010e+01,2.070707070707071829e-01,4.122051096812810131e-05
7.135678391959798716e+01,2.171717171717172379e-01,4.001934691813898202e-05
7.236180904522612423e+01,2.272727272727272929e-01,3.890999283526381402e-05
7.336683417085426129e+01,2.373737373737374590e-01,3.788370166437599160e-05
7.437185929648239835e+01,2.474747474747475140e-01,3.693234305049752567e-05
7.537688442211054962e+01,2.575757575757576801e-01,3.604849252821899243e-05
7.638190954773868668e+01,2.676767676767677351e-01,3.522544827477786878e-05
7.738693467336682374e+01,2.777777777777777901e-01,3.445720629023458825e-05
7.839195979899497502e+01,2.878787878787879562e-01,3.373841354103245351e-05
7.939698492462311208e+01,2.979797979797980112e-01,3.306431113312237254e-05
8.040201005025124914e+01,3.080808080808081773e-01,3.243067474304266819e-05
8.140703517587938620e+01,3.181818181818182323e-01,3.183375646320169483e-05
8.241206030150752326e+01,3.282828282828283983e-01,3.127023029270686448e-05
8.341708542713567454e+01,3.383838383838384534e-01,3.073714232597158589e-05
8.442211055276381160e+01,3.484848484848485084e-01,3.023186598322724468e-05
8.542713567839194866e+01,3.585858585858586745e-01,2.975206221944057020e-05
8.643216080402009993e+01,3.686868686868687295e-01,2.929564442513067944e-05
8.743718592964823699e+01,3.787878787878788955e-01,2.886074762488755716e-05
8.844221105527637405e+01,3.888888888888889506e-01,2.844570153944974485e-05
8.944723618090451112e+01,3.989898989898991166e-01,2.804900707783716208e-05
9.045226130653264818e+01,4.090909090909091717e-01,2.766931584817953566e-05
9.145728643216079945e+01,4.191919191919192267e-01,2.730541230943826669e-05
9.246231155778893651e+01,4.292929292929293927e-01,2.695619822382856038e-05
9.346733668341707357e+01,4.393939393939394478e-01,2.662067910806416185e-05
9.447236180904522485e+01,4.494949494949496138e-01,2.629795241795984261e-05
9.547738693467336191e+01,4.595959595959596689e-01,2.598719723465385851e-05
9.648241206030149897e+01,4.696969696969697239e-01,2.568766525102346109e-05
9.748743718592963603e+01,4.797979797979798899e-01,2.539867288387375220e-05
9.849246231155777309e+01,4.898989898989899450e-01,2.511959436115119898e-05
9.949748743718592436e+01,5.000000000000000000e-01,2.484985565413204328e-05
1.005025125628140614e+02,5.000000000000000000e-01,2.458810302792365827e-05
1.015075376884421985e+02,4.898989898989898895e-01,2.433434002303529260e-05
1.025125628140703498e+02,4.797979797979797789e-01,2.408888600736231966e-05
1.035175879396984868e+02,4.696969696969697239e-01,2.385089278520458067e-05
1.045226130653266239e+02,4.595959595959596133e-01,2.361995948972032689e-05
1.055276381909547609e+02,4.494949494949495028e-01,2.339564518512289600e-05
1.065326633165828980e+02,4.393939393939393923e-01,2.317758851622783500e-05
1.075376884422110493e+02,4.292929292929292817e-01,2.296542772753925067e-05
1.085427135678391863e+02,4.191919191919191712e-01,2.275883239373687947e-05
1.095477386934673234e+02,4.090909090909090606e-01,2.255747620981111452e-05
1.105527638190954747e+02,3.989898989898990056e-01,2.236104646327906724e-05
1.115577889447236117e+02,3.888888888888888951e-01,2.216923105399051626e-05
1.125628140703517488e+02,3.787878787878787845e-01,2.198171998328268128e-05
1.135678391959798859e+02,3.686868686868686740e-01,2.179819688055433695e-05
1.145728643216080229e+02,3.585858585858585634e-01,2.161833658575327256e-05
1.155778894472361742e+02,3.484848484848485084e-01,2.144179761986058144e-05
1.165829145728643113e+02,3.383838383838383423e-01,2.126821696359441273e-05
1.175879396984924483e+02,3.282828282828282873e-01,2.109720164340095271e-05
1.185929648241205996e+02,3.181818181818181768e-01,2.092832066259522170e-05
1.195979899497487366e+02,3.080808080808080662e-01,2.076109436683445562e-05
1.206030150753768737e+02,2.979797979797979557e-01,2.059498290751595752e-05
1.216080402010050108e+02,2.878787878787878451e-01,2.042937213428333966e-05
1.226130653266331478e+02,2.777777777777777901e-01,2.026355764415187929e-05
1.236180904522612991e+02,2.676767676767676241e-01,2.009672596740646832e-05
1.246231155778894362e+02,2.575757575757575690e-01,1.992793319757456814e-05
1.256281407035175732e+02,2.474747474747474585e-01,1.975608050567663400e-05
1.266331658291457245e+02,2.373737373737373479e-01,1.957988683650104162e-05
1.276381909547738616e+02,2.272727272727272374e-01,1.939785881253131784e-05
1.286432160804019986e+02,2.171717171717171269e-01,1.920825865401995833e-05
1.296482412060301499e+02,2.070707070707070718e-01,1.900907120650880907e-05
1.306532663316582727e+02,1.969696969696969613e-01,1.879797220158757883e-05
1.316582914572864240e+02,1.868686868686868507e-01,1.857230080579595633e-05
1.326633165829145469e+02,1.767676767676767402e-01,1.832904104188461610e-05
1.336683417085426981e+02,1.666666666666666297e-01,1.806481825110181215e-05
1.346733668341708494e+02,1.565656565656565191e-01,1.777591867242125860e-05
1.356783919597989723e+02,1.464646464646464086e-01,1.745834186576240157e-05
1.366834170854271235e+02,1.363636363636363535e-01,1.710789683800643395e-05
1.376884422110552748e+02,1.262626262626262430e-01,1.672035242675194507e-05
1.386934673366833977e+02,1.161616161616161325e-01,1.629164994856862882e-05
1.396984924623115489e+02,1.060606060606060219e-01,1.581818025312615609e-05
1.407035175879397002e+02,9.595959595959591137e-02,1.529711761295440918e-05
1.417085427135678231e+02,8.585858585858580083e-02,1.472678955863411999e-05
1.427135678391959743e+02,7.575757575757574580e-02,1.410704668316422003e-05
1.437185929648240972e+02,6.565656565656563526e-02,1.343958307820765760e-05
1.447236180904522485e+02,5.555555555555552472e-02,1.272815123156710399e-05
1.457286432160803997e+02,4.545454545454541417e-02,1.197861941854792348e-05
1.467336683417085226e+02,3.535353535353530363e-02,1.119883705870780932e-05
1.477386934673366738e+02,2.525252525252519309e-02,1.039830221392747177e-05
1.487437185929647967e+02,1.515151515151513806e-02,9.587659076368374532e-06
1.497487437185929480e+02,5.050505050505027516e-03,8.778083132273625607e-06
1.507537688442210992e+02,-5.050505050505083027e-03,7.980629705709576391e-06
1.517587939698492221e+02,-1.515151515151524908e-02,7.205623609770968198e-06
1.527638190954773734e+02,-2.525252525252530411e-02,6.462154571364108332e-06
1.537688442211055246e+02,-3.535353535353535914e-02,5.757719964727855357e-06
1.547738693467336475e+02,-4.545454545454552520e-02,5.098029976122031656e-06
1.557788944723617988e+02,-5.555555555555558023e-02,4.486966723817076013e-06
1.567839195979899500e+02,-6.565656565656574628e-02,3.926671947347744312e-06
1.577889447236180729e+02,-7.575757575757580131e-02,3.417728933463311497e-06
1.587939698492462242e+02,-8.585858585858585634e-02,2.959402580382869936e-06
1.597989949748743470e+02,-9.595959595959602240e-02,2.549904974235035523e-06
1.608040201005024983e+02,-1.060606060606060774e-01,2.186660324994858227e-06
1.618090452261306496e+02,-1.161616161616162435e-01,1.866550628820528754e-06
1.628140703517587724e+02,-1.262626262626262985e-01,1.586130594252586456e-06
1.638190954773869237e+02,-1.363636363636364646e-01,1.341806384135990168e-06
1.648241206030150465e+02,-1.464646464646465196e-01,1.129977264796334094e-06
1.658291457286431978e+02,-1.565656565656565746e-01,9.471423331649349326e-07
1.668341708542713491e+02,-1.666666666666667407e-01,7.899763157156383481e-07
1.678391959798994719e+02,-1.767676767676767957e-01,6.553792805095427461e-07
1.688442211055276232e+02,-1.868686868686869618e-01,5.405052599310464079e-07
1.698492462311557745e+02,-1.969696969696970168e-01,4.427744940095298454e-07
1.708542713567838973e+02,-2.070707070707071829e-01,3.598734676869632905e-07
1.718592964824120486e+02,-2.171717171717172379e-01,2.897462709295294359e-07
1.728643216080401999e+02,-2.272727272727272929e-01,2.305801526490504965e-07
1.738693467336683227e+02,-2.373737373737374590e-01,1.807875250275655372e-07
1.748743718592964740e+02,-2.474747474747475140e-01,1.389861341871625517e-07
1.758793969849245968e+02,-2.575757575757576801e-01,1.039786576367821982e-07
1.768844221105527481e+02,-2.676767676767677351e-01,7.473261845093796313e-08
1.778894472361808994e+02,-2.777777777777777901e-01,5.036121374841026930e-08
1.788944723618090222e+02,-2.878787878787879562e-01,3.010543067844510316e-08
1.798994974874371735e+02,-2.979797979797980112e-01,1.331765562234161227e-08
1.809045226130652964e+02,-3.080808080808081773e-01,-5.531390562071352150e-10
1.819095477386934476e+02,-3.181818181818182323e-01,-1.197463138878478051e-08
1.829145728643215989e+02,-3.282828282828283983e-01,-2.134286694832296183e-08
1.839195979899497218e+02,-3.383838383838384534e-01,-2.899255027674243489e-08
1.849246231155778730e+02,-3.484848484848485084e-01,-3.520602445323226093e-08
1.859296482412060243e+02,-3.585858585858586745e-01,-4.022106189347526370e-08
1.869346733668341471e+02,-3.686868686868687295e-01,-4.423759097225715714e-08
1.879396984924622984e+02,-3.787878787878788955e-01,-4.742347940192751396e-08
1.889447236180904497e+02,-3.888888888888889506e-01,-4.991948838420917707e-08
1.899497487437185725e+02,-3.989898989898991166e-01,-5.184350275916673650e-08
1.909547738693467238e+02,-4.090909090909091717e-01,-5.329413269347780817e-08
1.919597989949748467e+02,-4.191919191919192267e-01,-5.435377254879384261e-08
1.929648241206029979e+02,-4.292929292929293927e-01,-5.509119291119309411e-08
1.939698492462311492e+02,-4.393939393939394478e-01,-5.556373262036079062e-08
1.949748743718592721e+02,-4.494949494949496138e-01,-5.581914918408201389e-08
1.959798994974874233e+02,-4.595959595959596689e-01,-5.589717827650424219e-08
1.969849246231155462e+02,-4.696969696969697239e-01,-5.583084612086820947e-08
1.979899497487436975e+02,-4.797979797979798899e-01,-5.564757243629356755e-08
1.989949748743718487e+02,-4.898989898989899450e-01,-5.537009623772380979e-08
2.000000000000000000e+02,-5.000000000000000000e-01,-5.501725207088242671e-08
